=== start a 11:57 ===
    K      N   w/L2     M  A MiB |  sw1 TF  sw8 TF | best   gain8% | ident
 2560   6912  0.703  2048    5.0 |   160.8   168.9 |    8     +5.0 | True
 2560   6912  0.703  4096   10.0 |   162.6   147.4 |    1     -9.3 | True
 2560   6912  0.703  6144   15.0 |   136.7   145.9 |    8     +6.8 | True
 2560   8320  0.846  2048    5.0 |   161.0   166.4 |    8     +3.3 | True
 2560   8320  0.846  4096   10.0 |   166.9   149.6 |    1    -10.4 | True
 2560   8320  0.846  6144   15.0 |   139.4   147.7 |    8     +5.9 | True
 2560   9088  0.924  2048    5.0 |   152.5   167.5 |    8     +9.8 | True
 2560   9088  0.924  4096   10.0 |   159.5   154.4 |    1     -3.2 | True
 2560   9088  0.924  6144   15.0 |   135.1   149.9 |    8    +11.0 | True
 2560   9472  0.964  2048    5.0 |   161.3   158.1 |    1     -2.0 | True
 2560   9472  0.964  4096   10.0 |   161.9   153.7 |    1     -5.0 | True
 2560   9472  0.964  6144   15.0 |   137.9   149.9 |    8     +8.7 | True
 2560   9728  0.990  2048    5.0 |   159.2   163.8 |    8     +2.9 | True
 2560   9728  0.990  4096   10.0 |   157.5   146.4 |    1     -7.0 | True
 2560   9728  0.990  6144   15.0 |   145.6   151.4 |    8     +4.0 | True
 2560   9984  1.016  2048    5.0 |   163.0   163.8 |    8     +0.5 | True
 2560   9984  1.016  4096   10.0 |   161.8   154.7 |    1     -4.4 | True
 2560   9984  1.016  6144   15.0 |   137.3   150.6 |    8     +9.7 | True
 2560  10240  1.042  2048    5.0 |   159.8   159.4 |    1     -0.2 | True
 2560  10240  1.042  4096   10.0 |   158.0   150.3 |    1     -4.9 | True
 2560  10240  1.042  6144   15.0 |   142.4   154.3 |    8     +8.3 | True
 2560  10752  1.094  2048    5.0 |   161.6   161.3 |    1     -0.2 | True
 2560  10752  1.094  4096   10.0 |   158.5   148.2 |    1     -6.5 | True
 2560  10752  1.094  6144   15.0 |   146.1   150.4 |    8     +2.9 | True
 2560  12800  1.302  2048    5.0 |   152.4   157.8 |    8     +3.5 | True
 2560  12800  1.302  4096   10.0 |   161.5   153.8 |    1     -4.8 | True
 2560  12800  1.302  6144   15.0 |   142.3   151.5 |    8     +6.5 | True
 2560  16768  1.706  2048    5.0 |   151.3   156.6 |    8     +3.5 | True
 2560  16768  1.706  4096   10.0 |   164.6   156.9 |    1     -4.7 | True
 2560  16768  1.706  6144   15.0 |   148.1   152.3 |    8     +2.9 | True
 4096   4352  0.708  2048    8.0 |   172.3   168.6 |    1     -2.2 | True
 4096   4352  0.708  4096   16.0 |   134.3   155.0 |    8    +15.4 | True
 4096   4352  0.708  6144   24.0 |   158.3   168.6 |    8     +6.6 | True
 4096   5248  0.854  2048    8.0 |   178.2   165.1 |    1     -7.3 | True
 4096   5248  0.854  4096   16.0 |   148.1   158.0 |    8     +6.7 | True
 4096   5248  0.854  6144   24.0 |   145.2   172.4 |    8    +18.8 | True
 4096   5632  0.917  2048    8.0 |   179.5   169.6 |    1     -5.5 | True
 4096   5632  0.917  4096   16.0 |   135.6   159.6 |    8    +17.7 | True
 4096   5632  0.917  6144   24.0 |    87.7   169.1 |    8    +92.7 | True
 4096   5888  0.958  2048    8.0 |   174.5   168.3 |    1     -3.6 | True
 4096   5888  0.958  4096   16.0 |   157.9   161.4 |    8     +2.2 | True
 4096   5888  0.958  6144   24.0 |    77.5   171.4 |    8   +121.1 | True
 4096   6144  1.000  2048    8.0 |   177.7   165.4 |    1     -6.9 | True
 4096   6144  1.000  4096   16.0 |   158.0   155.6 |    1     -1.5 | True
 4096   6144  1.000  6144   24.0 |    68.7   169.6 |    8   +147.0 | True
 4096   6400  1.042  2048    8.0 |   180.1   165.5 |    1     -8.1 | True
 4096   6400  1.042  4096   16.0 |   153.7   160.5 |    8     +4.4 | True
 4096   6400  1.042  6144   24.0 |    62.9   157.1 |    8   +149.7 | True
 4096   6784  1.104  2048    8.0 |   177.5   167.9 |    1     -5.4 | True
 4096   6784  1.104  4096   16.0 |   151.2   162.1 |    8     +7.2 | True
 4096   6784  1.104  6144   24.0 |    61.9   142.3 |    8   +129.7 | True
 4096   7936  1.292  2048    8.0 |   178.3   177.1 |    1     -0.7 | True
 4096   7936  1.292  4096   16.0 |   153.4   158.5 |    8     +3.3 | True
 4096   7936  1.292  6144   24.0 |    66.0   149.1 |    8   +126.0 | True
 4096  10496  1.708  2048    8.0 |   174.9   166.8 |    1     -4.6 | True
 4096  10496  1.708  4096   16.0 |   139.8   163.6 |    8    +17.0 | True
 4096  10496  1.708  6144   24.0 |    64.1   159.8 |    8   +149.3 | True
 5120   3456  0.703  2048   10.0 |   185.5   173.4 |    1     -6.6 | True
 5120   3456  0.703  4096   20.0 |   172.9   156.9 |    1     -9.3 | True
 5120   3456  0.703  6144   30.0 |   163.2   171.2 |    8     +4.9 | True
 5120   4224  0.859  2048   10.0 |   173.4   173.1 |    1     -0.2 | True
 5120   4224  0.859  4096   20.0 |   112.4   160.6 |    8    +42.8 | True
 5120   4224  0.859  6144   30.0 |   117.2   172.3 |    8    +46.9 | True
 5120   4480  0.911  2048   10.0 |   181.3   166.5 |    1     -8.2 | True
 5120   4480  0.911  4096   20.0 |   113.8   150.4 |    8    +32.2 | True
 5120   4480  0.911  6144   30.0 |   101.5   164.4 |    8    +62.0 | True
 5120   4736  0.964  2048   10.0 |   179.4   168.4 |    1     -6.1 | True
 5120   4736  0.964  4096   20.0 |   112.6   153.8 |    8    +36.6 | True
 5120   4736  0.964  6144   30.0 |    98.4   166.7 |    8    +69.4 | True
 5120   4864  0.990  2048   10.0 |   183.5   165.6 |    1     -9.8 | True
 5120   4864  0.990  4096   20.0 |   111.9   145.1 |    8    +29.6 | True
 5120   4864  0.990  6144   30.0 |    88.3   171.1 |    8    +93.8 | True
 5120   4992  1.016  2048   10.0 |   175.6   170.0 |    1     -3.2 | True
 5120   4992  1.016  4096   20.0 |   107.4   144.1 |    8    +34.2 | True
 5120   4992  1.016  6144   30.0 |   111.3   172.9 |    8    +55.3 | True
 5120   5120  1.042  2048   10.0 |   168.1   161.1 |    1     -4.2 | True
 5120   5120  1.042  4096   20.0 |   114.4   167.1 |    8    +46.1 | True
 5120   5120  1.042  6144   30.0 |   106.0   167.9 |    8    +58.4 | True
 5120   5376  1.094  2048   10.0 |   175.2   159.8 |    1     -8.8 | True
 5120   5376  1.094  4096   20.0 |   108.7   157.0 |    8    +44.5 | True
 5120   5376  1.094  6144   30.0 |   103.3   174.6 |    8    +69.0 | True
 5120   6400  1.302  2048   10.0 |   181.9   164.3 |    1     -9.6 | True
 5120   6400  1.302  4096   20.0 |   110.4   161.9 |    8    +46.6 | True
 5120   6400  1.302  6144   30.0 |    53.5   160.5 |    8   +199.8 | True
 5120   8320  1.693  2048   10.0 |   175.1   170.1 |    1     -2.9 | True
 5120   8320  1.693  4096   20.0 |   116.2   164.5 |    8    +41.6 | True
 5120   8320  1.693  6144   30.0 |    56.6   167.8 |    8   +196.6 | True
== ALL DONE ==
=== start b 11:57 ===
    K      N   w/L2     M  A MiB |  sw1 TF  sw8 TF | best   gain8% | ident
 2560   6912  0.703  2048    5.0 |   159.9   169.4 |    8     +6.0 | True
 2560   6912  0.703  4096   10.0 |   162.8   159.9 |    1     -1.7 | True
 2560   6912  0.703  6144   15.0 |   132.2   143.9 |    8     +8.9 | True
 2560   8320  0.846  2048    5.0 |   158.0   169.0 |    8     +6.9 | True
 2560   8320  0.846  4096   10.0 |   156.5   154.5 |    1     -1.2 | True
 2560   8320  0.846  6144   15.0 |   127.1   147.1 |    8    +15.8 | True
 2560   9088  0.924  2048    5.0 |   160.7   157.5 |    1     -2.0 | True
 2560   9088  0.924  4096   10.0 |   158.3   151.1 |    1     -4.5 | True
 2560   9088  0.924  6144   15.0 |   134.8   150.9 |    8    +12.0 | True
 2560   9472  0.964  2048    5.0 |   162.1   168.5 |    8     +4.0 | True
 2560   9472  0.964  4096   10.0 |   155.9   146.3 |    1     -6.2 | True
 2560   9472  0.964  6144   15.0 |   141.7   147.6 |    8     +4.2 | True
 2560   9728  0.990  2048    5.0 |   159.1   167.2 |    8     +5.1 | True
 2560   9728  0.990  4096   10.0 |   160.8   148.2 |    1     -7.9 | True
 2560   9728  0.990  6144   15.0 |   143.6   149.9 |    8     +4.4 | True
 2560   9984  1.016  2048    5.0 |   162.7   169.7 |    8     +4.3 | True
 2560   9984  1.016  4096   10.0 |   157.5   146.6 |    1     -6.9 | True
 2560   9984  1.016  6144   15.0 |   129.5   148.8 |    8    +14.9 | True
 2560  10240  1.042  2048    5.0 |   160.0   156.9 |    1     -1.9 | True
 2560  10240  1.042  4096   10.0 |   162.4   152.0 |    1     -6.4 | True
 2560  10240  1.042  6144   15.0 |   143.3   152.2 |    8     +6.1 | True
 2560  10752  1.094  2048    5.0 |   161.4   159.2 |    1     -1.4 | True
 2560  10752  1.094  4096   10.0 |   163.0   154.9 |    1     -4.9 | True
 2560  10752  1.094  6144   15.0 |   152.4   150.9 |    1     -1.0 | True
 2560  12800  1.302  2048    5.0 |   160.8   156.9 |    1     -2.4 | True
 2560  12800  1.302  4096   10.0 |   157.8   154.2 |    1     -2.3 | True
 2560  12800  1.302  6144   15.0 |   134.4   150.2 |    8    +11.8 | True
 2560  16768  1.706  2048    5.0 |   162.7   158.6 |    1     -2.5 | True
 2560  16768  1.706  4096   10.0 |   158.0   156.5 |    1     -0.9 | True
 2560  16768  1.706  6144   15.0 |   148.5   152.2 |    8     +2.4 | True
 4096   4352  0.708  2048    8.0 |   171.9   168.3 |    1     -2.1 | True
 4096   4352  0.708  4096   16.0 |   165.2   157.0 |    1     -5.0 | True
 4096   4352  0.708  6144   24.0 |   158.9   159.1 |    8     +0.1 | True
 4096   5248  0.854  2048    8.0 |   175.8   168.5 |    1     -4.2 | True
 4096   5248  0.854  4096   16.0 |   141.7   161.4 |    8    +13.9 | True
 4096   5248  0.854  6144   24.0 |   136.1   171.8 |    8    +26.3 | True
 4096   5632  0.917  2048    8.0 |   176.5   165.9 |    1     -6.0 | True
 4096   5632  0.917  4096   16.0 |   152.4   158.5 |    8     +4.0 | True
 4096   5632  0.917  6144   24.0 |    86.4   167.4 |    8    +93.7 | True
 4096   5888  0.958  2048    8.0 |   174.1   162.9 |    1     -6.4 | True
 4096   5888  0.958  4096   16.0 |   149.4   157.1 |    8     +5.1 | True
 4096   5888  0.958  6144   24.0 |    74.8   170.3 |    8   +127.7 | True
 4096   6144  1.000  2048    8.0 |   180.9   159.6 |    1    -11.8 | True
 4096   6144  1.000  4096   16.0 |   159.1   163.4 |    8     +2.7 | True
 4096   6144  1.000  6144   24.0 |    71.9   167.7 |    8   +133.4 | True
 4096   6400  1.042  2048    8.0 |   178.3   165.2 |    1     -7.4 | True
 4096   6400  1.042  4096   16.0 |   153.2   161.0 |    8     +5.1 | True
 4096   6400  1.042  6144   24.0 |    62.9   157.2 |    8   +149.8 | True
 4096   6784  1.104  2048    8.0 |   178.2   167.8 |    1     -5.8 | True
 4096   6784  1.104  4096   16.0 |   146.5   161.4 |    8    +10.2 | True
 4096   6784  1.104  6144   24.0 |    64.5   144.1 |    8   +123.4 | True
 4096   7936  1.292  2048    8.0 |   171.3   166.8 |    1     -2.6 | True
 4096   7936  1.292  4096   16.0 |   150.0   160.3 |    8     +6.9 | True
 4096   7936  1.292  6144   24.0 |    64.7   145.1 |    8   +124.1 | True
 4096  10496  1.708  2048    8.0 |   173.2   165.7 |    1     -4.4 | True
 4096  10496  1.708  4096   16.0 |   156.3   162.4 |    8     +3.9 | True
 4096  10496  1.708  6144   24.0 |    62.7   163.3 |    8   +160.5 | True
 5120   3456  0.703  2048   10.0 |   184.4   179.3 |    1     -2.8 | True
 5120   3456  0.703  4096   20.0 |   177.5   168.4 |    1     -5.1 | True
 5120   3456  0.703  6144   30.0 |   155.8   172.0 |    8    +10.4 | True
 5120   4224  0.859  2048   10.0 |   184.8   166.3 |    1    -10.0 | True
 5120   4224  0.859  4096   20.0 |   104.7   159.9 |    8    +52.7 | True
 5120   4224  0.859  6144   30.0 |   119.0   172.5 |    8    +44.9 | True
 5120   4480  0.911  2048   10.0 |   182.1   168.0 |    1     -7.7 | True
 5120   4480  0.911  4096   20.0 |   114.5   149.3 |    8    +30.4 | True
 5120   4480  0.911  6144   30.0 |   105.4   172.6 |    8    +63.8 | True
 5120   4736  0.964  2048   10.0 |   178.5   170.6 |    1     -4.4 | True
 5120   4736  0.964  4096   20.0 |   120.3   147.5 |    8    +22.7 | True
 5120   4736  0.964  6144   30.0 |    91.6   168.0 |    8    +83.5 | True
 5120   4864  0.990  2048   10.0 |   184.1   167.4 |    1     -9.0 | True
 5120   4864  0.990  4096   20.0 |   107.1   148.8 |    8    +39.0 | True
 5120   4864  0.990  6144   30.0 |    84.3   170.6 |    8   +102.3 | True
 5120   4992  1.016  2048   10.0 |   185.0   168.1 |    1     -9.1 | True
 5120   4992  1.016  4096   20.0 |   119.4   151.1 |    8    +26.5 | True
 5120   4992  1.016  6144   30.0 |   107.1   166.7 |    8    +55.7 | True
 5120   5120  1.042  2048   10.0 |   179.9   164.3 |    1     -8.7 | True
 5120   5120  1.042  4096   20.0 |   119.2   166.5 |    8    +39.7 | True
 5120   5120  1.042  6144   30.0 |   100.8   166.8 |    8    +65.6 | True
 5120   5376  1.094  2048   10.0 |   174.6   163.2 |    1     -6.5 | True
 5120   5376  1.094  4096   20.0 |   107.5   155.6 |    8    +44.7 | True
 5120   5376  1.094  6144   30.0 |    99.1   172.9 |    8    +74.4 | True
 5120   6400  1.302  2048   10.0 |   180.8   167.0 |    1     -7.6 | True
 5120   6400  1.302  4096   20.0 |   107.7   161.0 |    8    +49.5 | True
 5120   6400  1.302  6144   30.0 |    53.9   158.5 |    8   +194.0 | True
 5120   8320  1.693  2048   10.0 |   171.7   171.4 |    1     -0.2 | True
 5120   8320  1.693  4096   20.0 |   116.8   164.3 |    8    +40.7 | True
 5120   8320  1.693  6144   30.0 |    56.6   166.1 |    8   +193.6 | True
== ALL DONE ==
=== start c 11:58 ===
    K      N   w/L2     M  A MiB |  sw1 TF  sw8 TF | best   gain8% | ident
 2560   6912  0.703  2048    5.0 |   159.7   161.2 |    8     +1.0 | True
 2560   6912  0.703  4096   10.0 |   161.4   161.1 |    1     -0.2 | True
 2560   6912  0.703  6144   15.0 |   134.9   147.6 |    8     +9.4 | True
 2560   8320  0.846  2048    5.0 |   161.9   164.8 |    8     +1.8 | True
 2560   8320  0.846  4096   10.0 |   157.3   153.2 |    1     -2.6 | True
 2560   8320  0.846  6144   15.0 |   131.4   150.6 |    8    +14.6 | True
 2560   9088  0.924  2048    5.0 |   161.7   166.0 |    8     +2.6 | True
 2560   9088  0.924  4096   10.0 |   162.6   152.3 |    1     -6.4 | True
 2560   9088  0.924  6144   15.0 |   149.3   149.0 |    1     -0.2 | True
 2560   9472  0.964  2048    5.0 |   161.1   156.8 |    1     -2.7 | True
 2560   9472  0.964  4096   10.0 |   154.5   147.0 |    1     -4.8 | True
 2560   9472  0.964  6144   15.0 |   133.4   149.3 |    8    +11.9 | True
 2560   9728  0.990  2048    5.0 |   160.1   158.1 |    1     -1.2 | True
 2560   9728  0.990  4096   10.0 |   162.1   149.3 |    1     -7.9 | True
 2560   9728  0.990  6144   15.0 |   129.5   148.9 |    8    +14.9 | True
 2560   9984  1.016  2048    5.0 |   160.1   160.9 |    8     +0.4 | True
 2560   9984  1.016  4096   10.0 |   162.7   154.2 |    1     -5.2 | True
 2560   9984  1.016  6144   15.0 |   128.3   147.1 |    8    +14.6 | True
 2560  10240  1.042  2048    5.0 |   157.7   156.9 |    1     -0.5 | True
 2560  10240  1.042  4096   10.0 |   152.8   153.9 |    8     +0.8 | True
 2560  10240  1.042  6144   15.0 |   149.1   151.6 |    8     +1.7 | True
 2560  10752  1.094  2048    5.0 |   162.4   157.8 |    1     -2.8 | True
 2560  10752  1.094  4096   10.0 |   160.3   153.5 |    1     -4.3 | True
 2560  10752  1.094  6144   15.0 |   129.6   144.6 |    8    +11.6 | True
 2560  12800  1.302  2048    5.0 |   153.6   156.2 |    8     +1.7 | True
 2560  12800  1.302  4096   10.0 |   162.2   147.1 |    1     -9.3 | True
 2560  12800  1.302  6144   15.0 |   144.4   149.3 |    8     +3.4 | True
 2560  16768  1.706  2048    5.0 |   154.9   151.0 |    1     -2.5 | True
 2560  16768  1.706  4096   10.0 |   161.6   153.6 |    1     -5.0 | True
 2560  16768  1.706  6144   15.0 |   127.8   150.5 |    8    +17.8 | True
 4096   4352  0.708  2048    8.0 |   171.1   167.8 |    1     -1.9 | True
 4096   4352  0.708  4096   16.0 |   165.2   154.2 |    1     -6.6 | True
 4096   4352  0.708  6144   24.0 |   163.0   169.2 |    8     +3.8 | True
 4096   5248  0.854  2048    8.0 |   176.0   165.4 |    1     -6.0 | True
 4096   5248  0.854  4096   16.0 |   161.5   159.9 |    1     -1.0 | True
 4096   5248  0.854  6144   24.0 |   149.6   171.3 |    8    +14.5 | True
 4096   5632  0.917  2048    8.0 |   174.7   165.0 |    1     -5.6 | True
 4096   5632  0.917  4096   16.0 |   146.8   156.9 |    8     +6.9 | True
 4096   5632  0.917  6144   24.0 |    83.6   171.2 |    8   +104.9 | True
 4096   5888  0.958  2048    8.0 |   163.0   167.2 |    8     +2.6 | True
 4096   5888  0.958  4096   16.0 |   160.9   159.8 |    1     -0.7 | True
 4096   5888  0.958  6144   24.0 |    76.4   172.5 |    8   +125.7 | True
 4096   6144  1.000  2048    8.0 |   181.5   166.4 |    1     -8.3 | True
 4096   6144  1.000  4096   16.0 |   153.2   163.3 |    8     +6.6 | True
 4096   6144  1.000  6144   24.0 |    67.6   170.0 |    8   +151.6 | True
 4096   6400  1.042  2048    8.0 |   173.8   162.6 |    1     -6.4 | True
 4096   6400  1.042  4096   16.0 |   152.8   159.9 |    8     +4.6 | True
 4096   6400  1.042  6144   24.0 |    67.4   155.8 |    8   +131.1 | True
 4096   6784  1.104  2048    8.0 |   177.4   165.4 |    1     -6.7 | True
 4096   6784  1.104  4096   16.0 |   161.1   152.1 |    1     -5.6 | True
 4096   6784  1.104  6144   24.0 |    62.0   143.3 |    8   +131.3 | True
 4096   7936  1.292  2048    8.0 |   171.1   166.0 |    1     -3.0 | True
 4096   7936  1.292  4096   16.0 |   150.9   158.2 |    8     +4.9 | True
 4096   7936  1.292  6144   24.0 |    63.8   141.8 |    8   +122.2 | True
 4096  10496  1.708  2048    8.0 |   170.0   167.7 |    1     -1.4 | True
 4096  10496  1.708  4096   16.0 |   156.7   161.4 |    8     +3.0 | True
 4096  10496  1.708  6144   24.0 |    66.2   158.0 |    8   +138.6 | True
 5120   3456  0.703  2048   10.0 |   186.1   176.8 |    1     -5.0 | True
 5120   3456  0.703  4096   20.0 |   173.1   173.5 |    8     +0.2 | True
 5120   3456  0.703  6144   30.0 |   170.1   169.1 |    1     -0.6 | True
 5120   4224  0.859  2048   10.0 |   169.4   166.6 |    1     -1.6 | True
 5120   4224  0.859  4096   20.0 |   114.4   154.9 |    8    +35.5 | True
 5120   4224  0.859  6144   30.0 |   117.3   171.2 |    8    +45.9 | True
 5120   4480  0.911  2048   10.0 |   181.7   163.4 |    1    -10.0 | True
 5120   4480  0.911  4096   20.0 |   115.6   152.9 |    8    +32.3 | True
 5120   4480  0.911  6144   30.0 |   109.2   171.0 |    8    +56.6 | True
 5120   4736  0.964  2048   10.0 |   177.7   163.2 |    1     -8.1 | True
 5120   4736  0.964  4096   20.0 |   118.1   151.3 |    8    +28.2 | True
 5120   4736  0.964  6144   30.0 |    91.8   171.3 |    8    +86.5 | True
 5120   4864  0.990  2048   10.0 |   182.3   158.5 |    1    -13.0 | True
 5120   4864  0.990  4096   20.0 |   110.0   150.5 |    8    +36.8 | True
 5120   4864  0.990  6144   30.0 |    88.5   165.1 |    8    +86.5 | True
 5120   4992  1.016  2048   10.0 |   175.1   167.8 |    1     -4.1 | True
 5120   4992  1.016  4096   20.0 |   119.7   150.4 |    8    +25.6 | True
 5120   4992  1.016  6144   30.0 |   111.7   171.0 |    8    +53.0 | True
 5120   5120  1.042  2048   10.0 |   167.8   162.8 |    1     -3.0 | True
 5120   5120  1.042  4096   20.0 |   111.4   164.5 |    8    +47.8 | True
 5120   5120  1.042  6144   30.0 |   106.4   169.6 |    8    +59.4 | True
 5120   5376  1.094  2048   10.0 |   175.0   163.9 |    1     -6.3 | True
 5120   5376  1.094  4096   20.0 |   110.7   158.9 |    8    +43.5 | True
 5120   5376  1.094  6144   30.0 |    93.8   171.2 |    8    +82.5 | True
 5120   6400  1.302  2048   10.0 |   179.2   163.5 |    1     -8.8 | True
 5120   6400  1.302  4096   20.0 |   117.8   159.9 |    8    +35.7 | True
 5120   6400  1.302  6144   30.0 |    54.1   159.5 |    8   +194.8 | True
 5120   8320  1.693  2048   10.0 |   176.3   168.0 |    1     -4.7 | True
 5120   8320  1.693  4096   20.0 |   121.9   161.8 |    8    +32.7 | True
 5120   8320  1.693  6144   30.0 |    53.7   164.4 |    8   +206.0 | True
== ALL DONE ==
== RUNNER DONE == 11:58
