=== start c 08:07 ===
     N     K  wMiB     M  A MiB |  sw1 TF  sw8 TF | best  gain8% | ident
 16384  2560    40  1024    2.5 |   162.0   175.7 |    8    +8.5 | True
 16384  2560    40  1536    3.8 |   164.9   170.6 |    8    +3.5 | True
 16384  2560    40  2048    5.0 |   152.4   162.7 |    8    +6.8 | True
 16384  2560    40  2560    6.2 |   177.0   169.6 |    1    -4.2 | True
 16384  2560    40  3072    7.5 |   157.7   160.1 |    8    +1.6 | True
 16384  2560    40  3584    8.8 |   174.8   166.2 |    1    -5.0 | True
 16384  2560    40  4096   10.0 |   165.4   157.0 |    1    -5.1 | True
 16384  2560    40  4608   11.2 |   161.3   161.9 |    8    +0.4 | True
 16384  2560    40  5120   12.5 |   155.9   154.9 |    1    -0.6 | True
 16384  2560    40  5632   13.8 |   155.6   164.1 |    8    +5.4 | True
 16384  2560    40  6144   15.0 |   136.5   153.6 |    8   +12.6 | True
 12288  2560    30  1024    2.5 |   165.9   174.8 |    8    +5.4 | True
 12288  2560    30  1536    3.8 |   163.9   170.1 |    8    +3.8 | True
 12288  2560    30  2048    5.0 |   156.1   161.2 |    8    +3.3 | True
 12288  2560    30  2560    6.2 |   178.3   162.8 |    1    -8.7 | True
 12288  2560    30  3072    7.5 |   150.9   155.3 |    8    +2.9 | True
 12288  2560    30  3584    8.8 |   172.4   161.3 |    1    -6.4 | True
 12288  2560    30  4096   10.0 |   159.4   155.8 |    1    -2.3 | True
 12288  2560    30  4608   11.2 |   163.8   161.5 |    1    -1.4 | True
 12288  2560    30  5120   12.5 |   156.9   153.0 |    1    -2.5 | True
 12288  2560    30  5632   13.8 |   157.0   162.0 |    8    +3.2 | True
 12288  2560    30  6144   15.0 |   138.5   154.1 |    8   +11.3 | True
 10240  2560    25  1024    2.5 |   157.8   171.2 |    8    +8.5 | True
 10240  2560    25  1536    3.8 |   162.9   165.4 |    8    +1.6 | True
 10240  2560    25  2048    5.0 |   160.3   160.5 |    8    +0.1 | True
 10240  2560    25  2560    6.2 |   173.0   161.3 |    1    -6.8 | True
 10240  2560    25  3072    7.5 |   148.0   151.3 |    8    +2.2 | True
 10240  2560    25  3584    8.8 |   172.6   162.7 |    1    -5.8 | True
 10240  2560    25  4096   10.0 |   160.9   154.6 |    1    -3.9 | True
 10240  2560    25  4608   11.2 |   162.4   158.9 |    1    -2.1 | True
 10240  2560    25  5120   12.5 |   162.3   152.2 |    1    -6.2 | True
 10240  2560    25  5632   13.8 |   159.2   161.9 |    8    +1.7 | True
 10240  2560    25  6144   15.0 |   131.2   151.7 |    8   +15.6 | True
 14336  4096    56  1024    4.0 |   184.0   184.0 |    8    +0.0 | True
 14336  4096    56  1536    6.0 |   170.2   171.3 |    8    +0.7 | True
 14336  4096    56  2048    8.0 |   171.7   165.0 |    1    -3.9 | True
 14336  4096    56  2560   10.0 |   179.7   166.7 |    1    -7.2 | True
 14336  4096    56  3072   12.0 |   172.4   167.8 |    1    -2.7 | True
 14336  4096    56  3584   14.0 |   167.9   167.9 |    8    +0.0 | True
 14336  4096    56  4096   16.0 |   160.0   165.9 |    8    +3.7 | True
 14336  4096    56  4608   18.0 |   144.7   167.5 |    8   +15.8 | True
 14336  4096    56  5120   20.0 |   108.9   166.5 |    8   +52.8 | True
 14336  4096    56  5632   22.0 |    80.3   170.7 |    8  +112.4 | True
 14336  4096    56  6144   24.0 |    65.1   167.6 |    8  +157.5 | True
  5120  5120    25  1024    5.0 |   180.4   178.3 |    1    -1.2 | True
  5120  5120    25  1536    7.5 |   187.5   181.1 |    1    -3.4 | True
  5120  5120    25  2048   10.0 |   178.7   164.4 |    1    -8.0 | True
  5120  5120    25  2560   12.5 |   181.3   164.4 |    1    -9.3 | True
  5120  5120    25  3072   15.0 |   182.1   165.8 |    1    -9.0 | True
  5120  5120    25  3584   17.5 |   152.4   166.9 |    8    +9.5 | True
  5120  5120    25  4096   20.0 |   103.2   160.6 |    8   +55.6 | True
  5120  5120    25  4608   22.5 |    87.3   169.4 |    8   +94.0 | True
  5120  5120    25  5120   25.0 |   102.1   165.6 |    8   +62.3 | True
  5120  5120    25  5632   27.5 |   106.0   163.6 |    8   +54.2 | True
  5120  5120    25  6144   30.0 |   100.7   174.5 |    8   +73.2 | True
  7168  5120    35  1024    5.0 |   179.4   178.4 |    1    -0.5 | True
  7168  5120    35  1536    7.5 |   191.5   185.1 |    1    -3.4 | True
  7168  5120    35  2048   10.0 |   178.9   164.5 |    1    -8.0 | True
  7168  5120    35  2560   12.5 |   179.4   164.3 |    1    -8.4 | True
  7168  5120    35  3072   15.0 |   168.4   166.8 |    1    -0.9 | True
  7168  5120    35  3584   17.5 |   156.9   168.4 |    8    +7.3 | True
  7168  5120    35  4096   20.0 |   109.3   166.8 |    8   +52.5 | True
  7168  5120    35  4608   22.5 |    95.7   167.5 |    8   +75.0 | True
  7168  5120    35  5120   25.0 |    68.2   172.8 |    8  +153.4 | True
  7168  5120    35  5632   27.5 |    62.1   176.5 |    8  +184.4 | True
  7168  5120    35  6144   30.0 |    52.6   176.0 |    8  +234.6 | True

== gate evaluation ==
merged  weight>L2: 27/66 suboptimal, regret 127.0 pp, worst 9.3% at 5120x5120 M=2560
    5120x5120 M=2560: -9.3%
    5120x5120 M=3072: -9.0%
    12288x2560 M=2560: -8.7%
    7168x5120 M=2560: -8.4%
    5120x5120 M=2048: -8.0%
proposed +island: 15/66 suboptimal, regret 54.8 pp, worst 9.0% at 5120x5120 M=3072
    5120x5120 M=3072: -9.0%
    5120x5120 M=2048: -8.0%
    7168x5120 M=2048: -8.0%
    16384x2560 M=5632: -5.1%
    14336x4096 M=2048: -3.9%
== ALL DONE ==
=== start d 08:07 ===
     N     K  wMiB     M  A MiB |  sw1 TF  sw8 TF | best  gain8% | ident
 16384  2560    40  1024    2.5 |   160.3   168.3 |    8    +5.0 | True
 16384  2560    40  1536    3.8 |   156.8   164.1 |    8    +4.7 | True
 16384  2560    40  2048    5.0 |   154.4   157.6 |    8    +2.0 | True
 16384  2560    40  2560    6.2 |   173.5   161.9 |    1    -6.7 | True
 16384  2560    40  3072    7.5 |   155.7   150.5 |    1    -3.3 | True
 16384  2560    40  3584    8.8 |   169.4   162.8 |    1    -3.9 | True
 16384  2560    40  4096   10.0 |   158.3   156.2 |    1    -1.3 | True
 16384  2560    40  4608   11.2 |   162.1   158.2 |    1    -2.4 | True
 16384  2560    40  5120   12.5 |   157.1   149.8 |    1    -4.7 | True
 16384  2560    40  5632   13.8 |   154.9   161.7 |    8    +4.4 | True
 16384  2560    40  6144   15.0 |   126.7   153.9 |    8   +21.4 | True
 12288  2560    30  1024    2.5 |   164.0   172.2 |    8    +5.0 | True
 12288  2560    30  1536    3.8 |   153.5   166.2 |    8    +8.3 | True
 12288  2560    30  2048    5.0 |   159.4   160.1 |    8    +0.4 | True
 12288  2560    30  2560    6.2 |   182.7   156.7 |    1   -14.2 | True
 12288  2560    30  3072    7.5 |   150.7   152.0 |    8    +0.9 | True
 12288  2560    30  3584    8.8 |   172.9   155.8 |    1    -9.9 | True
 12288  2560    30  4096   10.0 |   161.6   149.0 |    1    -7.8 | True
 12288  2560    30  4608   11.2 |   157.1   157.9 |    8    +0.5 | True
 12288  2560    30  5120   12.5 |   155.9   152.8 |    1    -2.0 | True
 12288  2560    30  5632   13.8 |   156.8   161.6 |    8    +3.1 | True
 12288  2560    30  6144   15.0 |   144.9   151.4 |    8    +4.5 | True
 10240  2560    25  1024    2.5 |   157.0   165.1 |    8    +5.1 | True
 10240  2560    25  1536    3.8 |   161.6   168.7 |    8    +4.4 | True
 10240  2560    25  2048    5.0 |   160.2   153.9 |    1    -3.9 | True
 10240  2560    25  2560    6.2 |   179.6   162.6 |    1    -9.5 | True
 10240  2560    25  3072    7.5 |   150.3   155.0 |    8    +3.2 | True
 10240  2560    25  3584    8.8 |   167.5   163.3 |    1    -2.5 | True
 10240  2560    25  4096   10.0 |   158.7   145.1 |    1    -8.6 | True
 10240  2560    25  4608   11.2 |   160.1   158.2 |    1    -1.2 | True
 10240  2560    25  5120   12.5 |   157.5   152.3 |    1    -3.3 | True
 10240  2560    25  5632   13.8 |   160.3   161.3 |    8    +0.6 | True
 10240  2560    25  6144   15.0 |   139.5   151.2 |    8    +8.4 | True
 14336  4096    56  1024    4.0 |   179.0   175.8 |    1    -1.8 | True
 14336  4096    56  1536    6.0 |   177.4   168.0 |    1    -5.3 | True
 14336  4096    56  2048    8.0 |   169.8   168.2 |    1    -0.9 | True
 14336  4096    56  2560   10.0 |   175.6   171.1 |    1    -2.6 | True
 14336  4096    56  3072   12.0 |   172.3   162.9 |    1    -5.4 | True
 14336  4096    56  3584   14.0 |   164.0   167.6 |    8    +2.2 | True
 14336  4096    56  4096   16.0 |   150.1   165.8 |    8   +10.5 | True
 14336  4096    56  4608   18.0 |   136.9   166.6 |    8   +21.7 | True
 14336  4096    56  5120   20.0 |   101.2   165.6 |    8   +63.6 | True
 14336  4096    56  5632   22.0 |    80.2   170.0 |    8  +111.8 | True
 14336  4096    56  6144   24.0 |    65.7   165.5 |    8  +151.9 | True
  5120  5120    25  1024    5.0 |   181.7   181.0 |    1    -0.4 | True
  5120  5120    25  1536    7.5 |   186.0   182.1 |    1    -2.1 | True
  5120  5120    25  2048   10.0 |   179.4   161.9 |    1    -9.8 | True
  5120  5120    25  2560   12.5 |   172.4   162.4 |    1    -5.8 | True
  5120  5120    25  3072   15.0 |   166.1   161.4 |    1    -2.8 | True
  5120  5120    25  3584   17.5 |   147.6   163.9 |    8   +11.0 | True
  5120  5120    25  4096   20.0 |   120.4   165.1 |    8   +37.1 | True
  5120  5120    25  4608   22.5 |    85.4   170.2 |    8   +99.3 | True
  5120  5120    25  5120   25.0 |   112.3   162.3 |    8   +44.5 | True
  5120  5120    25  5632   27.5 |   102.0   160.9 |    8   +57.7 | True
  5120  5120    25  6144   30.0 |   102.5   167.0 |    8   +62.9 | True
  7168  5120    35  1024    5.0 |   172.9   177.4 |    8    +2.6 | True
  7168  5120    35  1536    7.5 |   186.3   178.1 |    1    -4.4 | True
  7168  5120    35  2048   10.0 |   170.6   160.9 |    1    -5.7 | True
  7168  5120    35  2560   12.5 |   172.3   158.2 |    1    -8.1 | True
  7168  5120    35  3072   15.0 |   166.8   164.0 |    1    -1.6 | True
  7168  5120    35  3584   17.5 |   144.1   167.9 |    8   +16.5 | True
  7168  5120    35  4096   20.0 |   115.9   165.2 |    8   +42.5 | True
  7168  5120    35  4608   22.5 |    87.7   163.9 |    8   +86.9 | True
  7168  5120    35  5120   25.0 |    74.2   168.9 |    8  +127.5 | True
  7168  5120    35  5632   27.5 |    56.5   175.0 |    8  +210.0 | True
  7168  5120    35  6144   30.0 |    54.4   170.3 |    8  +213.2 | True

== gate evaluation ==
merged  weight>L2: 29/66 suboptimal, regret 141.4 pp, worst 14.2% at 12288x2560 M=2560
    12288x2560 M=2560: -14.2%
    12288x2560 M=3584: -9.9%
    5120x5120 M=2048: -9.8%
    10240x2560 M=2560: -9.5%
    10240x2560 M=4096: -8.6%
proposed +island: 16/66 suboptimal, regret 50.6 pp, worst 9.8% at 5120x5120 M=2048
    5120x5120 M=2048: -9.8%
    7168x5120 M=2048: -5.7%
    14336x4096 M=1536: -5.3%
    7168x5120 M=1536: -4.4%
    16384x2560 M=5632: -4.2%
== ALL DONE ==
== RUNNER DONE == 08:07
