=== RADIX_THRESHOLD=16384  (RADIX_THRESHOLD = 16384)  09:32 ===
FAILS: 0
   1  16384   512 |      12.4    12.4    12.6 |     15.9    15.8    15.9 |       1.28       1.28
   1  16384  2048 |      14.4    14.4    14.5 |     16.5    16.5    16.5 |       1.14       1.14
   1  17408   512 |      14.3    14.2    14.4 |     19.7    19.6    19.8 |       1.38       1.38
   1  17408  2048 |      14.7    14.6    14.8 |     20.2    20.1    20.3 |       1.37       1.38
   1  20480   512 |      14.4    14.4    14.4 |     20.6    20.5    20.6 |       1.43       1.42
   1  20480  2048 |      16.5    16.5    16.5 |     20.6    20.6    27.0 |       1.25       1.25
   1  21504   512 |      15.7    15.6    15.8 |     20.6    20.6    20.6 |       1.31       1.32
   1  21504  2048 |      16.5    16.5    20.0 |     20.6    20.6    25.4 |       1.25       1.25
   1  24576   512 |      15.8    15.7    15.9 |     20.5    20.5    20.6 |       1.30       1.31
   1  24576  2048 |      18.5    18.5    23.1 |     20.6    20.6    20.6 |       1.11       1.11
   1  32768   512 |      16.5    16.5    16.5 |     20.6    20.6    20.8 |       1.25       1.25
   1  32768  2048 |      20.5    20.5    24.9 |     20.6    20.6    21.7 |       1.00       1.00
   8  16384   512 |      14.4    14.4    14.5 |     18.5    18.5    18.6 |       1.28       1.28
   8  16384  2048 |      16.5    16.5    16.5 |     19.4    19.3    19.5 |       1.18       1.17
   8  17408   512 |      14.5    14.4    14.7 |     22.6    22.6    22.7 |       1.57       1.57
   8  17408  2048 |      17.4    17.3    21.6 |     22.7    22.6    22.7 |       1.30       1.31
   8  20480   512 |      16.5    16.5    20.6 |     24.6    24.6    24.7 |       1.49       1.49
   8  20480  2048 |      18.3    18.3    18.4 |     24.7    24.7    24.9 |       1.35       1.35
   8  21504   512 |      16.5    16.5    17.2 |     22.9    22.0    27.8 |       1.39       1.33
   8  21504  2048 |      18.5    18.5    22.5 |     22.6    22.6    22.6 |       1.22       1.22
   8  24576   512 |      16.5    16.5    17.9 |     22.6    22.6    22.7 |       1.37       1.37
   8  24576  2048 |      19.1    18.8    19.2 |     22.6    22.6    22.7 |       1.19       1.21
   8  32768   512 |      20.6    20.6    20.7 |     22.6    22.6    22.6 |       1.10       1.10
   8  32768  2048 |      20.8    20.8    21.0 |     22.7    22.7    22.7 |       1.09       1.09
  64  16384   512 |      26.7    26.6    26.7 |     32.9    32.9    33.1 |       1.23       1.24
  64  16384  2048 |      30.8    30.8    30.8 |     33.7    33.0    37.9 |       1.10       1.07
  64  17408   512 |      26.7    26.7    31.4 |     53.4    53.4    53.4 |       2.00       2.00
  64  17408  2048 |      30.8    30.8    30.9 |     53.4    53.4    53.4 |       1.73       1.73
  64  20480   512 |      28.8    28.8    33.8 |     57.5    57.4    57.5 |       1.99       2.00
  64  20480  2048 |      32.9    32.8    32.9 |     58.3    58.3    59.7 |       1.77       1.77
  64  21504   512 |      30.8    30.7    36.2 |     59.5    59.5    59.5 |       1.93       1.94
  64  21504  2048 |      34.9    34.9    34.9 |     59.7    59.5    67.2 |       1.71       1.71
  64  24576   512 |      30.8    30.8    30.8 |     66.2    66.1    66.4 |       2.15       2.15
  64  24576  2048 |      37.0    36.9    42.4 |     67.7    67.7    67.7 |       1.83       1.83
  64  32768   512 |      49.3    49.3    49.3 |     75.9    75.9    75.9 |       1.54       1.54
  64  32768  2048 |      57.4    57.3    63.4 |     77.8    77.8    78.1 |       1.36       1.36
   1  16384   512 |      12.5    12.4    12.7 |     16.5    16.5    16.5 |       1.32       1.33
   1  16384  2048 |      14.4    14.4    14.6 |     16.5    16.5    16.5 |       1.14       1.14
   1  17408   512 |      14.1    14.0    19.5 |     19.2    19.1    22.5 |       1.36       1.36
   1  17408  2048 |      14.6    14.6    14.7 |     20.0    19.9    20.0 |       1.37       1.36
   1  20480   512 |      14.4    14.4    14.8 |     20.6    20.6    20.6 |       1.43       1.42
   1  20480  2048 |      16.8    16.6    18.3 |     20.6    20.5    20.6 |       1.22       1.23
   1  21504   512 |      14.4    14.4    14.4 |     20.6    20.5    20.7 |       1.43       1.43
   1  21504  2048 |      16.5    16.5    16.5 |     20.6    20.6    20.6 |       1.25       1.25
   1  24576   512 |      14.9    14.8    15.0 |     20.3    20.2    20.4 |       1.36       1.36
   1  24576  2048 |      18.5    18.5    18.5 |     20.6    20.6    20.6 |       1.11       1.11
   1  32768   512 |      16.5    16.5    16.5 |     20.6    20.6    20.6 |       1.25       1.25
   1  32768  2048 |      20.6    20.6    20.6 |     20.6    20.6    20.6 |       1.00       1.00
   8  16384   512 |      14.4    14.4    14.6 |     18.5    18.5    18.6 |       1.28       1.28
   8  16384  2048 |      16.5    16.5    23.9 |     19.5    19.4    19.6 |       1.18       1.18
   8  17408   512 |      14.5    14.4    19.4 |     22.6    22.6    22.6 |       1.57       1.57
   8  17408  2048 |      18.2    17.9    19.4 |     22.7    22.7    28.1 |       1.24       1.26
   8  20480   512 |      16.5    16.4    17.8 |     24.6    24.6    29.8 |       1.49       1.50
   8  20480  2048 |      18.5    18.5    23.0 |     24.7    24.7    24.7 |       1.33       1.33
   8  21504   512 |      17.5    17.3    17.7 |     22.5    22.5    22.6 |       1.29       1.30
   8  21504  2048 |      18.5    18.5    18.6 |     22.6    22.6    22.7 |       1.22       1.22
   8  24576   512 |      18.5    18.4    20.7 |     22.6    22.6    22.6 |       1.22       1.23
   8  24576  2048 |      19.3    19.3    19.6 |     22.6    22.6    22.7 |       1.17       1.18
   8  32768   512 |      20.6    20.6    20.8 |     22.6    22.6    22.7 |       1.10       1.10
   8  32768  2048 |      22.5    22.5    27.4 |     22.7    22.7    22.7 |       1.01       1.01
  64  16384   512 |      26.7    26.6    30.7 |     32.9    32.8    40.5 |       1.23       1.23
  64  16384  2048 |      30.8    30.8    31.9 |     33.4    33.2    37.8 |       1.08       1.08
  64  17408   512 |      28.5    28.5    28.7 |     53.4    53.4    58.2 |       1.87       1.87
  64  17408  2048 |      30.8    30.8    30.9 |     53.4    53.4    53.4 |       1.73       1.73
  64  20480   512 |      28.8    28.8    29.7 |     57.5    57.5    57.5 |       2.00       2.00
  64  20480  2048 |      32.9    32.8    39.6 |     59.4    59.3    59.6 |       1.81       1.81
  64  21504   512 |      30.7    30.5    35.8 |     59.5    59.5    59.5 |       1.94       1.95
  64  21504  2048 |      34.9    34.9    36.0 |     59.9    59.8    59.9 |       1.72       1.71
  64  24576   512 |      30.8    30.8    38.0 |     65.7    65.7    65.8 |       2.13       2.13
  64  24576  2048 |      37.0    37.0    43.9 |     67.7    67.6    68.4 |       1.83       1.83
  64  32768   512 |      49.3    49.3    49.3 |     75.9    75.9    75.9 |       1.54       1.54
  64  32768  2048 |      57.4    57.4    57.5 |     77.9    77.8    78.0 |       1.36       1.35
   1  16384   512 |      12.4    12.4    12.6 |     15.8    15.8    16.0 |       1.28       1.28
   1  16384  2048 |      14.4    14.4    14.5 |     16.5    16.5    16.5 |       1.14       1.14
   1  17408   512 |      14.4    14.3    14.4 |     19.3    19.1    19.4 |       1.34       1.34
   1  17408  2048 |      14.7    14.5    14.9 |     20.2    20.1    20.3 |       1.37       1.38
   1  20480   512 |      14.4    14.4    14.6 |     20.6    20.5    20.6 |       1.43       1.42
   1  20480  2048 |      16.5    16.5    16.5 |     20.6    20.6    20.6 |       1.25       1.25
   1  21504   512 |      15.6    15.6    15.8 |     20.5    20.5    20.7 |       1.32       1.32
   1  21504  2048 |      16.5    16.5    16.7 |     20.6    20.5    20.6 |       1.25       1.25
   1  24576   512 |      15.8    15.7    16.0 |     20.5    20.4    20.5 |       1.29       1.30
   1  24576  2048 |      18.3    18.2    18.5 |     20.6    20.5    20.6 |       1.12       1.13
   1  32768   512 |      18.4    18.3    18.5 |     20.6    20.6    22.5 |       1.12       1.12
   1  32768  2048 |      20.6    20.6    20.7 |     20.6    20.6    20.6 |       1.00       1.00
   8  16384   512 |      14.4    14.4    14.5 |     18.5    18.5    18.6 |       1.28       1.28
   8  16384  2048 |      16.5    16.5    16.5 |     19.5    19.5    19.7 |       1.18       1.18
   8  17408   512 |      16.5    16.4    17.5 |     22.8    22.6    26.6 |       1.38       1.38
   8  17408  2048 |      16.7    16.5    25.5 |     22.7    22.6    27.1 |       1.36       1.37
   8  20480   512 |      16.5    16.5    16.5 |     24.7    24.6    24.7 |       1.50       1.49
   8  20480  2048 |      18.5    18.5    18.6 |     24.7    24.7    24.7 |       1.33       1.33
   8  21504   512 |      16.5    16.5    16.5 |     22.6    22.5    22.8 |       1.37       1.37
   8  21504  2048 |      18.5    18.5    18.7 |     22.6    22.6    22.6 |       1.22       1.22
   8  24576   512 |      16.5    16.5    16.5 |     22.6    22.6    22.7 |       1.37       1.37
   8  24576  2048 |      18.8    18.7    19.0 |     22.6    22.6    22.6 |       1.20       1.21
   8  32768   512 |      18.7    18.6    18.8 |     22.6    22.6    22.7 |       1.21       1.22
   8  32768  2048 |      22.6    22.6    23.8 |     22.9    22.7    27.4 |       1.01       1.00
  64  16384   512 |      26.7    26.7    26.8 |     32.8    32.8    32.9 |       1.23       1.23
  64  16384  2048 |      30.6    30.6    35.5 |     32.9    32.9    32.9 |       1.07       1.07
  64  17408   512 |      26.7    26.7    31.2 |     53.4    53.3    60.3 |       2.00       1.99
  64  17408  2048 |      30.8    30.8    31.8 |     53.4    53.4    53.4 |       1.73       1.73
  64  20480   512 |      28.8    28.8    34.1 |     57.5    57.5    57.5 |       2.00       2.00
  64  20480  2048 |      32.9    32.9    38.9 |     58.5    58.4    58.5 |       1.78       1.78
  64  21504   512 |      30.8    30.8    30.8 |     59.5    59.5    59.5 |       1.93       1.93
  64  21504  2048 |      34.9    34.9    35.1 |     59.5    59.5    59.6 |       1.71       1.71
  64  24576   512 |      30.8    30.8    35.0 |     65.7    65.7    65.7 |       2.13       2.13
  64  24576  2048 |      37.0    36.9    38.3 |     67.7    67.7    67.7 |       1.83       1.83
  64  32768   512 |      49.3    49.2    49.3 |     75.9    75.8    75.9 |       1.54       1.54
  64  32768  2048 |      56.9    56.8    66.2 |     77.9    77.8    78.0 |       1.37       1.37
=== RADIX_THRESHOLD=20480  (RADIX_THRESHOLD = 20480)  09:32 ===
FAILS: 0
   1  16384   512 |      12.4    12.4    12.6 |     16.5    16.5    16.5 |       1.33       1.33
   1  16384  2048 |      14.4    14.4    14.6 |     16.5    16.5    16.5 |       1.14       1.14
   1  17408   512 |      14.4    14.4    14.4 |     18.5    18.4    18.5 |       1.28       1.28
   1  17408  2048 |      14.8    14.6    14.9 |     18.5    18.5    18.5 |       1.25       1.27
   1  20480   512 |      14.4    14.4    19.5 |     20.2    20.1    20.3 |       1.40       1.39
   1  20480  2048 |      16.5    16.5    17.9 |     20.5    20.5    20.6 |       1.25       1.25
   1  21504   512 |      14.9    14.8    15.0 |     20.5    20.5    20.7 |       1.38       1.38
   1  21504  2048 |      16.5    16.5    16.5 |     20.6    20.5    20.6 |       1.25       1.25
   1  24576   512 |      16.0    15.9    16.1 |     20.0    19.8    20.0 |       1.25       1.25
   1  24576  2048 |      18.4    18.3    18.5 |     20.5    20.5    20.6 |       1.11       1.12
   1  32768   512 |      18.5    18.5    19.9 |     20.6    20.6    20.6 |       1.11       1.11
   1  32768  2048 |      20.6    20.5    20.6 |     20.6    20.6    20.7 |       1.00       1.00
   8  16384   512 |      14.4    14.4    14.4 |     18.6    18.5    20.4 |       1.29       1.28
   8  16384  2048 |      16.5    16.5    16.5 |     18.6    18.5    18.6 |       1.13       1.13
   8  17408   512 |      14.6    14.5    20.0 |     18.6    18.5    18.6 |       1.27       1.28
   8  17408  2048 |      16.5    16.5    18.7 |     18.6    18.6    18.6 |       1.13       1.13
   8  20480   512 |      16.5    16.5    16.5 |     20.6    20.6    20.6 |       1.25       1.25
   8  20480  2048 |      18.3    18.3    18.4 |     20.7    20.6    20.7 |       1.13       1.13
   8  21504   512 |      16.5    16.5    16.5 |     22.6    22.5    22.6 |       1.37       1.36
   8  21504  2048 |      18.5    18.5    26.5 |     22.6    22.6    22.7 |       1.22       1.22
   8  24576   512 |      16.5    16.5    17.6 |     23.3    22.6    27.0 |       1.42       1.37
   8  24576  2048 |      18.8    18.7    18.9 |     22.6    22.6    22.7 |       1.20       1.21
   8  32768   512 |      18.6    18.6    18.7 |     22.7    22.6    22.7 |       1.22       1.22
   8  32768  2048 |      22.5    22.5    22.6 |     22.7    22.7    22.7 |       1.01       1.01
  64  16384   512 |      26.3    26.1    31.0 |     32.8    32.8    32.9 |       1.25       1.25
  64  16384  2048 |      28.8    28.8    35.6 |     32.9    32.8    33.7 |       1.14       1.14
  64  17408   512 |      28.0    27.9    28.2 |     35.0    34.9    40.1 |       1.25       1.25
  64  17408  2048 |      30.8    30.8    32.2 |     34.9    34.9    34.9 |       1.13       1.13
  64  20480   512 |      28.8    28.8    33.9 |     39.0    39.0    39.1 |       1.36       1.36
  64  20480  2048 |      32.9    32.9    33.1 |     39.2    39.2    39.4 |       1.19       1.19
  64  21504   512 |      30.7    30.7    30.8 |     59.5    59.5    59.5 |       1.94       1.94
  64  21504  2048 |      33.4    33.4    33.6 |     60.0    59.9    60.2 |       1.79       1.79
  64  24576   512 |      30.8    30.8    38.1 |     65.7    65.7    65.7 |       2.13       2.13
  64  24576  2048 |      36.6    36.4    36.7 |     67.7    67.7    67.7 |       1.85       1.86
  64  32768   512 |      49.3    49.3    55.1 |     75.9    75.9    75.9 |       1.54       1.54
  64  32768  2048 |      56.2    56.2    62.2 |     77.8    77.7    78.0 |       1.38       1.38
   1  16384   512 |      12.7    12.6    13.0 |     16.5    16.5    16.5 |       1.30       1.31
   1  16384  2048 |      14.4    14.4    14.6 |     16.5    16.5    16.5 |       1.14       1.14
   1  17408   512 |      12.4    12.4    12.5 |     16.5    16.5    16.5 |       1.33       1.33
   1  17408  2048 |      15.2    15.2    15.4 |     18.5    18.5    18.5 |       1.22       1.22
   1  20480   512 |      14.4    14.4    14.5 |     20.5    20.5    20.5 |       1.42       1.42
   1  20480  2048 |      16.5    16.5    16.6 |     20.6    20.5    20.6 |       1.25       1.25
   1  21504   512 |      14.4    14.4    16.5 |     20.6    20.6    20.6 |       1.43       1.43
   1  21504  2048 |      16.5    16.5    16.7 |     20.6    20.6    20.6 |       1.25       1.25
   1  24576   512 |      15.0    14.9    15.0 |     20.4    20.4    20.5 |       1.36       1.37
   1  24576  2048 |      16.5    16.5    16.5 |     20.6    20.5    20.6 |       1.25       1.25
   1  32768   512 |      18.5    18.5    18.5 |     20.6    20.6    20.6 |       1.11       1.11
   1  32768  2048 |      20.6    20.5    20.6 |     20.6    20.6    20.6 |       1.00       1.00
   8  16384   512 |      14.5    14.4    14.5 |     18.6    18.5    18.6 |       1.28       1.28
   8  16384  2048 |      16.5    16.5    16.5 |     18.5    18.5    18.6 |       1.13       1.12
   8  17408   512 |      14.8    14.7    18.8 |     19.6    18.5    26.9 |       1.33       1.26
   8  17408  2048 |      16.9    16.8    19.3 |     20.6    20.6    20.6 |       1.22       1.23
   8  20480   512 |      16.5    16.5    16.5 |     20.6    20.6    20.6 |       1.25       1.25
   8  20480  2048 |      18.4    18.4    21.8 |     20.8    20.7    25.8 |       1.13       1.13
   8  21504   512 |      16.5    16.5    16.7 |     22.5    22.5    24.3 |       1.36       1.36
   8  21504  2048 |      18.5    18.5    18.5 |     22.6    22.6    22.6 |       1.22       1.22
   8  24576   512 |      17.0    16.8    23.4 |     22.6    22.6    24.6 |       1.33       1.35
   8  24576  2048 |      18.7    18.6    18.8 |     22.6    22.6    22.7 |       1.21       1.22
   8  32768   512 |      20.6    20.5    20.6 |     22.7    22.6    22.7 |       1.10       1.10
   8  32768  2048 |      22.6    22.6    27.2 |     22.7    22.6    22.7 |       1.00       1.00
  64  16384   512 |      26.7    26.7    26.7 |     32.9    32.8    33.8 |       1.23       1.23
  64  16384  2048 |      29.0    29.0    29.2 |     32.9    32.9    38.2 |       1.13       1.14
  64  17408   512 |      27.2    26.9    27.3 |     34.9    34.9    35.0 |       1.28       1.30
  64  17408  2048 |      30.8    30.8    37.3 |     35.0    35.0    35.7 |       1.13       1.13
  64  20480   512 |      28.8    28.8    35.3 |     38.9    38.8    39.5 |       1.35       1.35
  64  20480  2048 |      32.9    32.9    32.9 |     41.6    40.9    44.0 |       1.26       1.24
  64  21504   512 |      30.8    30.8    30.8 |     59.5    59.5    59.5 |       1.93       1.93
  64  21504  2048 |      34.9    34.9    34.9 |     59.7    59.6    59.7 |       1.71       1.71
  64  24576   512 |      30.8    30.8    31.0 |     66.0    65.8    66.1 |       2.14       2.14
  64  24576  2048 |      37.0    36.9    42.0 |     67.7    67.7    67.7 |       1.83       1.83
  64  32768   512 |      49.3    49.3    49.4 |     75.9    75.9    77.4 |       1.54       1.54
  64  32768  2048 |      56.3    56.1    64.6 |     80.4    78.0    83.6 |       1.43       1.39
   1  16384   512 |      12.8    12.7    12.9 |     16.5    16.5    16.5 |       1.29       1.30
   1  16384  2048 |      14.4    14.4    14.5 |     16.5    16.5    16.7 |       1.14       1.14
   1  17408   512 |      14.4    14.3    20.6 |     18.5    18.5    18.5 |       1.29       1.29
   1  17408  2048 |      15.7    15.6    15.8 |     18.5    18.5    18.5 |       1.18       1.19
   1  20480   512 |      14.5    14.4    14.5 |     20.6    20.6    20.6 |       1.42       1.42
   1  20480  2048 |      16.5    16.5    16.5 |     20.6    20.5    20.6 |       1.25       1.25
   1  21504   512 |      15.3    15.3    15.5 |     20.6    20.6    20.6 |       1.34       1.35
   1  21504  2048 |      16.5    16.5    16.5 |     20.6    20.6    20.6 |       1.25       1.25
   1  24576   512 |      16.1    16.0    16.3 |     20.5    20.5    20.6 |       1.27       1.28
   1  24576  2048 |      18.5    18.5    18.5 |     20.6    20.6    20.6 |       1.11       1.11
   1  32768   512 |      18.5    18.5    18.5 |     20.6    20.6    20.6 |       1.11       1.11
   1  32768  2048 |      20.6    20.6    20.6 |     20.6    20.6    20.6 |       1.00       1.00
   8  16384   512 |      14.4    14.4    14.5 |     18.5    18.5    18.5 |       1.28       1.28
   8  16384  2048 |      16.5    16.4    16.6 |     18.5    18.5    18.5 |       1.13       1.13
   8  17408   512 |      14.9    14.8    21.7 |     18.7    18.5    20.0 |       1.25       1.25
   8  17408  2048 |      16.5    16.5    16.7 |     18.8    18.8    18.9 |       1.14       1.14
   8  20480   512 |      16.5    16.5    16.5 |     20.6    20.6    20.8 |       1.25       1.25
   8  20480  2048 |      18.4    18.4    18.6 |     20.8    20.7    21.0 |       1.13       1.13
   8  21504   512 |      16.5    16.5    16.5 |     22.5    22.5    22.6 |       1.36       1.37
   8  21504  2048 |      18.5    18.5    18.6 |     22.6    22.6    22.6 |       1.22       1.22
   8  24576   512 |      16.5    16.5    22.4 |     22.7    22.6    26.1 |       1.38       1.37
   8  24576  2048 |      20.5    20.5    20.6 |     22.6    22.6    22.7 |       1.10       1.10
   8  32768   512 |      19.4    19.0    19.5 |     22.6    22.6    22.7 |       1.17       1.19
   8  32768  2048 |      21.8    21.7    26.4 |     22.7    22.7    22.7 |       1.04       1.05
  64  16384   512 |      26.7    26.7    26.7 |     32.8    32.8    32.9 |       1.23       1.23
  64  16384  2048 |      30.5    30.4    30.8 |     33.0    32.9    38.1 |       1.08       1.08
  64  17408   512 |      27.4    27.4    27.7 |     34.9    34.9    35.0 |       1.27       1.28
  64  17408  2048 |      31.4    31.2    37.6 |     37.0    36.9    37.0 |       1.18       1.18
  64  20480   512 |      28.8    28.8    35.5 |     39.0    39.0    39.0 |       1.35       1.35
  64  20480  2048 |      32.9    32.9    32.9 |     40.9    40.8    40.9 |       1.24       1.24
  64  21504   512 |      30.8    30.8    30.8 |     59.5    59.5    59.5 |       1.93       1.93
  64  21504  2048 |      34.9    34.9    44.1 |     60.3    60.1    60.4 |       1.73       1.72
  64  24576   512 |      30.8    30.8    30.8 |     65.7    65.7    65.8 |       2.13       2.13
  64  24576  2048 |      36.9    36.8    40.7 |     67.7    67.7    71.3 |       1.83       1.84
  64  32768   512 |      49.3    49.2    49.3 |     75.9    75.8    75.9 |       1.54       1.54
  64  32768  2048 |      56.8    56.7    57.2 |     77.7    77.6    77.9 |       1.37       1.37
=== RADIX_THRESHOLD=22016  (RADIX_THRESHOLD = 22016)  09:33 ===
FAILS: 0
   1  16384   512 |      13.6    13.2    13.8 |     16.5    16.5    16.5 |       1.21       1.25
   1  16384  2048 |      14.4    14.4    14.5 |     16.5    16.5    16.6 |       1.14       1.14
   1  17408   512 |      14.4    14.3    14.4 |     18.5    18.5    18.5 |       1.28       1.29
   1  17408  2048 |      15.5    15.4    15.6 |     18.5    18.5    18.5 |       1.20       1.20
   1  20480   512 |      14.5    14.4    14.6 |     20.5    20.5    20.5 |       1.42       1.42
   1  20480  2048 |      16.5    16.5    16.5 |     20.6    20.6    20.6 |       1.25       1.25
   1  21504   512 |      15.0    15.0    15.2 |     20.6    20.6    20.6 |       1.37       1.37
   1  21504  2048 |      16.5    16.5    16.5 |     20.6    20.6    20.6 |       1.25       1.25
   1  24576   512 |      15.9    15.9    16.0 |     20.5    20.5    20.6 |       1.29       1.29
   1  24576  2048 |      18.5    18.5    18.7 |     20.6    20.5    20.6 |       1.11       1.11
   1  32768   512 |      18.5    18.5    18.5 |     20.6    20.6    20.6 |       1.11       1.11
   1  32768  2048 |      20.5    20.5    20.6 |     20.6    20.6    21.9 |       1.00       1.00
   8  16384   512 |      14.4    14.4    14.6 |     18.5    18.5    18.6 |       1.28       1.28
   8  16384  2048 |      16.5    16.5    16.5 |     20.2    20.0    20.3 |       1.22       1.22
   8  17408   512 |      14.8    14.7    19.3 |     18.5    18.5    20.0 |       1.25       1.26
   8  17408  2048 |      16.5    16.5    16.5 |     18.7    18.6    18.7 |       1.13       1.13
   8  20480   512 |      16.5    16.5    16.5 |     20.6    20.6    20.7 |       1.25       1.25
   8  20480  2048 |      18.5    18.4    18.6 |     20.8    20.7    20.9 |       1.13       1.13
   8  21504   512 |      16.5    16.5    16.5 |     22.6    22.6    24.3 |       1.37       1.37
   8  21504  2048 |      18.6    18.5    18.6 |     24.6    24.5    24.6 |       1.32       1.32
   8  24576   512 |      16.5    16.5    16.5 |     22.6    22.6    22.6 |       1.37       1.37
   8  24576  2048 |      18.9    18.8    19.2 |     22.6    22.6    22.7 |       1.20       1.21
   8  32768   512 |      19.0    19.0    19.3 |     22.6    22.6    22.7 |       1.19       1.19
   8  32768  2048 |      22.4    22.4    27.3 |     22.7    22.6    22.7 |       1.01       1.01
  64  16384   512 |      26.7    26.7    31.6 |     32.9    32.8    32.9 |       1.23       1.23
  64  16384  2048 |      30.8    30.8    30.8 |     33.4    32.9    38.0 |       1.09       1.07
  64  17408   512 |      26.7    26.7    26.7 |     34.8    34.8    38.8 |       1.30       1.30
  64  17408  2048 |      30.9    30.8    31.0 |     35.0    35.0    35.0 |       1.13       1.13
  64  20480   512 |      28.8    28.8    34.5 |     38.9    38.9    38.9 |       1.35       1.35
  64  20480  2048 |      32.9    32.8    32.9 |     39.1    39.0    39.1 |       1.19       1.19
  64  21504   512 |      30.1    29.9    40.0 |     39.4    39.4    42.6 |       1.31       1.32
  64  21504  2048 |      34.4    34.3    34.6 |     41.1    41.1    41.1 |       1.20       1.20
  64  24576   512 |      30.8    30.8    30.9 |     66.0    66.0    66.1 |       2.14       2.14
  64  24576  2048 |      36.7    36.7    36.9 |     67.7    67.7    67.7 |       1.84       1.85
  64  32768   512 |      49.6    49.4    58.1 |     75.9    75.9    79.4 |       1.53       1.54
  64  32768  2048 |      57.3    57.2    61.6 |     77.9    77.9    80.9 |       1.36       1.36
   1  16384   512 |      12.4    12.4    12.6 |     16.5    16.5    16.5 |       1.33       1.33
   1  16384  2048 |      14.4    14.4    14.5 |     16.5    16.5    16.6 |       1.14       1.14
   1  17408   512 |      14.4    14.3    14.4 |     18.3    18.2    18.4 |       1.27       1.27
   1  17408  2048 |      16.5    16.5    16.7 |     18.6    18.6    18.7 |       1.13       1.13
   1  20480   512 |      14.4    14.4    14.6 |     20.0    20.0    20.1 |       1.39       1.38
   1  20480  2048 |      16.5    16.5    16.5 |     20.6    20.6    20.6 |       1.25       1.25
   1  21504   512 |      14.4    14.4    14.6 |     20.6    20.6    20.6 |       1.43       1.43
   1  21504  2048 |      16.5    16.5    16.7 |     20.6    20.6    20.6 |       1.25       1.25
   1  24576   512 |      15.2    15.2    15.5 |     20.0    19.8    20.0 |       1.31       1.30
   1  24576  2048 |      18.5    18.5    18.9 |     20.6    20.5    20.6 |       1.11       1.11
   1  32768   512 |      18.5    18.5    23.8 |     20.6    20.6    20.6 |       1.11       1.11
   1  32768  2048 |      20.6    20.6    25.5 |     20.6    20.6    23.6 |       1.00       1.00
   8  16384   512 |      14.5    14.4    14.5 |     18.5    18.5    18.5 |       1.28       1.28
   8  16384  2048 |      16.5    16.5    16.5 |     20.3    20.2    20.3 |       1.23       1.23
   8  17408   512 |      14.5    14.5    14.7 |     18.6    18.6    18.8 |       1.28       1.28
   8  17408  2048 |      16.5    16.5    21.7 |     18.6    18.6    18.7 |       1.13       1.13
   8  20480   512 |      16.5    16.4    16.5 |     20.6    20.6    20.6 |       1.25       1.25
   8  20480  2048 |      18.4    18.4    18.4 |     20.8    20.6    21.0 |       1.13       1.12
   8  21504   512 |      16.5    16.5    23.2 |     22.6    22.6    22.6 |       1.37       1.37
   8  21504  2048 |      18.5    18.5    18.5 |     22.6    22.6    22.7 |       1.22       1.22
   8  24576   512 |      18.3    18.2    18.5 |     22.6    22.6    22.7 |       1.24       1.24
   8  24576  2048 |      19.1    18.9    19.5 |     22.6    22.6    22.7 |       1.18       1.20
   8  32768   512 |      20.5    20.5    24.1 |     22.6    22.6    24.3 |       1.10       1.10
   8  32768  2048 |      21.5    21.2    21.7 |     22.7    22.7    22.7 |       1.06       1.07
  64  16384   512 |      26.6    26.5    26.7 |     33.2    32.8    37.0 |       1.25       1.24
  64  16384  2048 |      30.7    30.6    35.9 |     32.9    32.9    33.0 |       1.07       1.07
  64  17408   512 |      26.8    26.7    31.9 |     34.9    34.8    34.9 |       1.30       1.30
  64  17408  2048 |      30.8    30.8    34.6 |     34.9    34.9    38.9 |       1.13       1.13
  64  20480   512 |      28.8    28.8    28.8 |     39.0    39.0    43.4 |       1.36       1.36
  64  20480  2048 |      32.9    32.9    32.9 |     39.4    39.2    39.7 |       1.20       1.19
  64  21504   512 |      30.8    30.7    30.8 |     41.1    41.0    41.1 |       1.33       1.34
  64  21504  2048 |      34.9    34.9    34.9 |     41.8    41.7    41.9 |       1.20       1.20
  64  24576   512 |      30.8    30.8    37.3 |     65.7    65.7    65.7 |       2.13       2.13
  64  24576  2048 |      37.0    37.0    37.1 |     67.6    67.6    67.7 |       1.83       1.83
  64  32768   512 |      49.2    49.2    56.4 |     75.9    75.9    76.8 |       1.54       1.54
  64  32768  2048 |      57.4    57.4    57.5 |     77.8    77.8    77.9 |       1.35       1.36
   1  16384   512 |      12.4    12.4    12.4 |     16.2    16.1    16.2 |       1.31       1.30
   1  16384  2048 |      14.4    14.4    14.7 |     16.5    16.5    16.5 |       1.14       1.14
   1  17408   512 |      12.4    12.4    12.4 |     16.5    16.5    16.5 |       1.33       1.33
   1  17408  2048 |      15.3    15.2    21.7 |     18.5    18.5    21.1 |       1.21       1.22
   1  20480   512 |      14.4    14.4    14.4 |     18.5    18.5    18.5 |       1.29       1.29
   1  20480  2048 |      16.5    16.5    16.5 |     20.6    20.5    20.6 |       1.25       1.25
   1  21504   512 |      15.5    15.5    15.6 |     20.6    20.6    20.6 |       1.33       1.33
   1  21504  2048 |      16.5    16.5    16.5 |     20.6    20.6    20.6 |       1.25       1.25
   1  24576   512 |      15.2    15.1    15.4 |     20.5    20.4    20.5 |       1.34       1.35
   1  24576  2048 |      18.5    18.5    18.7 |     20.6    20.5    20.6 |       1.11       1.11
   1  32768   512 |      18.5    18.5    18.5 |     20.6    20.6    20.6 |       1.11       1.11
   1  32768  2048 |      20.6    20.6    20.7 |     20.6    20.6    20.6 |       1.00       1.00
   8  16384   512 |      15.0    14.9    15.0 |     19.1    19.1    19.4 |       1.28       1.28
   8  16384  2048 |      16.5    16.5    16.7 |     18.6    18.5    18.6 |       1.13       1.12
   8  17408   512 |      16.1    15.8    22.2 |     18.6    18.6    18.6 |       1.16       1.17
   8  17408  2048 |      16.5    16.5    16.5 |     18.7    18.6    18.7 |       1.13       1.13
   8  20480   512 |      16.5    16.4    16.5 |     20.6    20.6    20.6 |       1.25       1.25
   8  20480  2048 |      18.5    18.5    19.9 |     22.7    22.6    27.0 |       1.22       1.22
   8  21504   512 |      16.5    16.5    16.5 |     22.6    22.6    22.6 |       1.37       1.37
   8  21504  2048 |      18.5    18.5    18.6 |     22.6    22.6    22.6 |       1.22       1.22
   8  24576   512 |      16.5    16.5    16.5 |     22.6    22.6    22.8 |       1.37       1.37
   8  24576  2048 |      18.6    18.6    18.7 |     22.6    22.6    22.6 |       1.22       1.22
   8  32768   512 |      19.2    19.1    19.4 |     22.6    22.6    22.7 |       1.18       1.18
   8  32768  2048 |      22.2    22.2    28.1 |     22.7    22.6    22.7 |       1.02       1.02
  64  16384   512 |      26.7    26.6    32.5 |     32.9    32.8    32.9 |       1.23       1.23
  64  16384  2048 |      29.7    29.6    31.0 |     32.9    32.9    39.0 |       1.11       1.11
  64  17408   512 |      27.6    27.5    27.9 |     35.2    34.9    40.7 |       1.28       1.27
  64  17408  2048 |      30.8    30.8    32.2 |     35.1    35.0    35.2 |       1.14       1.14
  64  20480   512 |      28.8    28.8    34.4 |     38.9    38.8    38.9 |       1.35       1.35
  64  20480  2048 |      32.9    32.8    32.9 |     39.4    39.3    39.4 |       1.20       1.20
  64  21504   512 |      30.8    30.7    34.6 |     39.8    39.7    43.0 |       1.30       1.29
  64  21504  2048 |      34.9    34.9    41.0 |     43.1    43.1    43.2 |       1.24       1.24
  64  24576   512 |      30.8    30.8    30.9 |     66.3    65.9    66.3 |       2.15       2.14
  64  24576  2048 |      36.9    36.9    37.0 |     67.7    67.7    67.7 |       1.83       1.83
  64  32768   512 |      49.3    49.2    57.5 |     75.9    75.9    79.9 |       1.54       1.54
  64  32768  2048 |      57.4    57.4    62.4 |     78.3    77.9    83.9 |       1.36       1.36
== ALL DONE == 09:33
